$ANSIBLE_VAULT;1.1;AES256
37373938646562393535646534633465323539626665323935343862323437626436323166623361
3138656266663632373261343038393238336663666163660a373765333337363935386338663333
32383631643534323439313730323462663333323263323362636361613237643934326232653135
6265373035666332310a303636353066323332363762323965613833386131363031646436643935
61656536663364633435366666356466663862383331646566363335663132323731306137653666
35323936353966353839396336616135613432363864653464666661646561316233363361356233
62643663643032643435656664633535313336643766636234393237313633356330386533363861
31376665353036376232396633633236356164343832303030313562386266666264323933356366
37316233366536356530356237613733653631366663623162656561313636383636373630656463
37326438383736636365356564323730363663376566393530666638623137383136383736653764
36356535396532653630653839323436363964353266653837313638393466653537313136303931
63353535656161656536386230373337366639646237373833656639316634353363303365376466
35333731376462343431663063366436623236626433663832343832373037356535326665626132
66316336386164646463626135383531396661336239613466393862393264383139363437373330
34366234636237393763333830633136323638336366363131353363373864613133386164636230
36643235356566383534306365666536306261353866366661323534633466323361616537376464
61313436613732303763623037643539663962313732643033643234626334633238623838313265
66323136376666613435303331373436656533313630373261353135366465343663363330656132
37623666333934303135323764643737643166343563626431653433363131636139316165396437
65633065323466383938623062346439623138626462323264366463336362353864316235656437
36363937383661393236373733643165356466653636383665373462346131396138646430626138
63633935613265633739383333633732623063323035356632383763643366646566356335623134
62363639326339363530353034373333613961346161613136303434333437306364333335626361
32333839366538373237306361653766383766343731383737393262373862343836633332626639
65613961346237386634336533346132323131346631396361653033316537613965633833313162
35333030373736633763313631666636623039656234663632653534323366393333626437663435
33636530613161663164366465663734316366303661633535623035666135386639653465313437
34623534646637356635316335666466376632353066653562613838623134316333643161303330
34363331613665373437323234316233613662643033303337303539626562636530656666646338
31633938323063383436383635656537343830363165353530356132326438346339653431663637
33373661363762303930393436396636653732386438313335356261336230653031316466326163
61653333303666653638616361346530353665306661366335346430633861666430376466396431
62663639653535363966653966613262383864323138386462303166646235393835356237666166
37353263373830326639343563663738356637353539353032346435303132303065306332336438
65633763353464353336363938356634653166316434363264303938303362343836383836366537
38393462393538333965393030666139373764386634626262326539333831353864346238353832
35626236366564376530653133306435363964666666356462666565643463383637326161616664
63393032376332653134613437323535316435303365356233613131346138316661303861326137
39356533343832623964346431373239643331626435626562343335346636373965626166363637
37313265656433386232616631353331653563616538366138643734393731333131303339363035
39376137333136343932336531393639303639616336663333376635663438303265623139323162
65386438303562356234636163323064656238393434656637376461383034613331383835656335
37346565386132653338613431333664323563346631316633386161343464343164323830613333
36656138663638326635323833636463623232353431343130323736343331663438646638666438
33343163616437623132663166663433303138646164353339333666656631663939393632353330
35613331353939313036383166346135666637316266626364613533623036313031323862643134
65386364353337633361313733613232663762343737363437306538343133393631353664343437
66383966313433613561316338613862616136646161396639666163616332646130646337353536
38643233663736386537613531366564613931383663623866666664333262393763373865666335
33653033316665383533656466303034376663373734343037326535616166633031623437613965
66303437386330636437366264333863643865376262323039323866303362613739666635363930
63373035623735383732626637323361383739366562393638656337363432333434343230313438
33323938636436666236636465353838326565343239363736646330393861373231656438666131
31326438326166366365616464313066313765646461613830313562306234623631336466373763
39646637626336336365336439666430303666656531633833363961393664353439663266613037
35636131393464303062633333303036626564333662316261303834366363353035373963386538
35343735636361626438626466346536343433333536633335356135323266343162633237386333
62666335353339343664363736666231633962343638373037383163636531613263363034316462
34663836363632623539653334646632333330323033666262633833333738333162316165313738
64333431343130663534653362313262633465663562623434333437346537633230346133633263
30333233346261336566383164373831346164356436666430613561626331613437396532333835
65623266346239316233363033373338643839313033396562313533613863353862613638336135
37376163376635343265336563326531613461646263303438393037663863653865383564663664
61633737636662333339666562383664303465633037633338346162663039393736636564333839
38333366646666373433326266373833326631333132623661663366376365383365613730643932
30323961666534383936653732373462386531373061313162323237636136626664313665663837
63623933346338656635303065326566333236393062383233306161323631333138653466363539
30393030623132393434616136316331383835643534636462633039383939383532393161346163
64316437376135643736303631386162343438663439656461656137663961643262373932663638
37663932633436636563303631396166343234313639633064346661346165303334626532303835
37333432303234306630386233316462646231636561373766396534313061343634646536343763
38303135663864626239613738353163353036393836633165643661386663353766326436653236
37343566653437363564363834646136373638633663393631313962626139376238393137333466
32663964383531326463623437613132666466656235303133396238663664323834376330396631
39633830373533613935363831393031303639623034633063643932613934613163383664313661
31303031646366303739356466626264636163383735376634663334353839666238636365616235
34386464333636646134336665313130316630613535303664613561306162613034376138323361
34303330373061306461356633616337373031346164396365623731633230613835636335613537
34643433613938643931613131633132623661363363336535383234303735333633633634326261
62633966663632303066323135313130353437356339313939303234313639666431643834363937
64306361396162376262616662343334656664666433303462343066326430363432376231353334
63306366643036376564313064613165643432316165623233613162366639323535653033376364
34636264656239633238363635643139656261643933363339623639376161366162363066393461
36313366373133333937333961313636656537393938376435643166303766383065383565643035
65633636636634396136393462303631656335396137383532386135326363636331356336323330
34366133303362666562333137326264353636663962636139306239646336303761333633643130
64623034643636353663323466653631393137633235333330666362363961346362613337323335
62353731313932306161
